36 159 82 -1 46 62 178 -1 100 130
          107 -1 50 165 198 -1 14 37 192 -1
          205 202 394 -1 9 192 183 -1 161 117
          172 -1 163 89 87 -1 50 184 165 -1
          99 178 57 -1 62 46 84 -1 111 131
          115 -1 62 84 76 -1 173 96 174 -1
          46 63 84 -1 57 55 145 -1 142 155
          163 -1 163 87 108 -1 45 112 92 -1
          134 107 126 -1 94 59 41 -1 177 135
          185 -1 11 214 43 -1 138 394 88 -1
          4 52 190 -1 94 45 34 -1 197 180
          101 -1 4 190 32 -1 393 208 67 -1
          161 202 117 -1 108 87 171 -1 58 167
          208 -1 116 137 133 -1 64 186 81 -1
          156 165 39 -1 77 105 64 -1 132 12
          141 -1 108 146 142 -1 66 159 89 -1
          175 267 96 -1 187 182 210 -1 301 123
          54 -1 168 256 169 -1 190 78 81 -1
          135 194 125 -1 78 190 52 -1 166 181
          86 -1 398 88 206 -1 61 62 76 -1
          85 68 48 -1 126 129 124 -1 14 26
          37 -1 48 68 109 -1 120 64 81 -1
          122 139 103 -1 109 68 144 -1 210 160
          105 -1 98 92 256 -1 144 68 53 -1
          160 125 194 -1 104 207 106 -1 79 40
          73 -1 49 134 126 -1 44 55 62 -1
          64 83 77 -1 158 68 85 -1 116 118
          137 -1 76 144 75 -1 174 267 112 -1
          159 85 48 -1 191 256 168 -1 45 173
          174 -1 160 210 182 -1 386 125 160 -1
          135 125 147 -1 157 153 15 -1 96 267
          174 -1 40 184 50 -1 190 81 193 -1
          36 47 87 -1 169 151 42 -1 51 159
          66 -1 76 84 109 -1 134 100 107 -1
          115 155 142 -1 95 58 208 -1 90 91
          307 -1 73 75 144 -1 67 381 393 -1
          122 103 51 -1 95 93 58 -1 60 61
          75 -1 87 47 99 -1 187 172 179 -1
          83 191 168 -1 64 105 160 -1 60 198
          44 -1 160 194 64 -1 82 63 47 -1
          2 134 49 -1 180 207 104 -1 115 131
          155 -1 162 120 153 -1 152 83 162 -1
          79 53 68 -1 58 267 175 -1 36 82
          47 -1 94 204 45 -1 80 381 67 -1
          179 205 138 -1 103 85 159 -1 186 194
          154 -1 91 197 97 -1 57 145 121 -1
          139 85 103 -1 139 158 85 -1 179 88
          187 -1 206 65 336 -1 139 68 158 -1
          38 68 139 -1 26 184 37 -1 184 40
          37 -1 162 59 152 -1 70 204 56 -1
          66 89 107 -1 116 114 110 -1 44 62
          61 -1 38 122 37 -1 37 122 69 -1
          150 151 202 -1 175 167 58 -1 57 178
          55 -1 95 336 93 -1 79 38 37 -1
          38 139 122 -1 50 198 73 -1 198 60
          75 -1 121 189 156 -1 86 113 399 -1
          399 113 340 -1 169 256 151 -1 157 113
          86 -1 113 157 23 -1 164 176 115 -1
          136 137 146 -1 111 129 131 -1 206 336
          95 -1 36 87 159 -1 162 64 120 -1
          52 4 153 -1 159 87 89 -1 107 89
          163 -1 181 166 41 -1 136 99 57 -1
          55 178 62 -1 174 112 45 -1 127 90
          303 -1 98 94 71 -1 52 153 78 -1
          319 124 199 -1 63 48 109 -1 34 92
          71 -1 88 65 206 -1 156 189 165 -1
          122 183 69 -1 9 183 33 -1 196 95
          208 -1 399 166 86 -1 67 175 96 -1
          73 53 79 -1 161 172 210 -1 208 195
          196 -1 105 161 210 -1 203 72 35 -1
          69 192 37 -1 69 183 192 -1 117 202
          205 -1 94 152 59 -1 100 183 130 -1
          100 33 183 -1 204 70 80 -1 107 130
          66 -1 204 80 173 -1 71 94 34 -1
          72 148 170 -1 78 120 81 -1 133 136
          143 -1 198 165 189 -1 160 182 386 -1
          39 193 140 -1 60 44 61 -1 12 132
          3 -1 79 37 40 -1 51 66 130 -1
          0 141 12 -1 0 43 141 -1 201 74
          340 -1 168 169 77 -1 90 307 303 -1
          178 99 46 -1 46 99 47 -1 75 61
          76 -1 6 100 1 -1 145 55 44 -1
          17 3 201 -1 189 145 44 -1 189 44
          198 -1 67 208 167 -1 187 210 172 -1
          146 171 136 -1 58 93 267 -1 196 206
          95 -1 142 146 119 -1 80 67 96 -1
          203 156 149 -1 203 35 156 -1 39 149
          156 -1 39 140 149 -1 88 102 65 -1
          6 33 100 -1 197 101 97 -1 134 1
          100 -1 35 57 121 -1 200 166 399 -1
          136 57 54 -1 381 80 70 -1 54 57
          35 -1 54 123 143 -1 171 87 99 -1
          183 122 130 -1 206 196 398 -1 86 181
          157 -1 193 39 165 -1 73 144 53 -1
          195 398 196 -1 115 142 164 -1 186 64
          194 -1 184 190 193 -1 80 96 173 -1
          113 201 340 -1 35 301 54 -1 157 15
          23 -1 76 109 144 -1 23 17 113 -1
          113 17 201 -1 171 146 108 -1 157 181
          153 -1 72 170 35 -1 190 184 29 -1
          207 127 106 -1 101 180 104 -1 203 149
          72 -1 51 103 159 -1 88 394 102 -1
          152 191 83 -1 135 147 185 -1 130 122
          51 -1 56 94 41 -1 119 164 142 -1
          138 88 179 -1 120 78 153 -1 181 59
          162 -1 393 195 208 -1 118 119 146 -1
          81 186 140 -1 71 92 98 -1 189 121
          145 -1 147 125 386 -1 73 198 75 -1
          140 186 154 -1 45 92 34 -1 83 168
          77 -1 175 67 167 -1 170 301 35 -1
          136 171 99 -1 64 162 83 -1 56 204
          94 -1 152 94 98 -1 154 194 135 -1
          40 50 73 -1 72 177 188 -1 72 188
          148 -1 136 133 137 -1 32 190 29 -1
          128 114 133 -1 114 116 133 -1 79 68
          38 -1 156 35 121 -1 22 14 192 -1
          82 159 48 -1 9 5 192 -1 142 163
          108 -1 199 124 129 -1 177 185 188 -1
          199 129 111 -1 47 63 46 -1 204 173
          45 -1 177 154 135 -1 82 48 63 -1
          176 111 115 -1 184 193 165 -1 205 394
          138 -1 81 140 193 -1 181 162 153 -1
          118 146 137 -1 63 109 84 -1 5 22
          192 -1 110 114 128 -1 42 151 150 -1
          91 97 307 -1 41 59 181 -1 56 209
          70 -1 56 41 209 -1 98 191 152 -1
          256 191 98 -1 54 143 136 -1 105 150
          161 -1 150 202 161 -1 77 169 42 -1
          150 77 42 -1 150 105 77 -1 117 179
          172 -1 117 205 179 -1 134 2 1 -1
          0 11 43 -1 26 29 184 -1 4 27
          153 -1 15 153 27 -1 131 126 155 -1
          131 129 126 -1 123 133 143 -1 123 128
          133 -1 303 106 127 -1 249 295 363 -1
          260 382 276 -1 313 316 334 -1 263 402
          369 -1 227 395 250 -1 407 394 202 -1
          222 387 395 -1 365 375 325 -1 367 300
          304 -1 263 369 388 -1 312 271 382 -1
          276 297 260 -1 320 323 335 -1 276 289
          297 -1 376 377 310 -1 260 297 277 -1
          271 351 269 -1 348 367 359 -1 367 317
          300 -1 259 92 112 -1 339 126 316 -1
          308 254 273 -1 380 185 341 -1 224 257
          214 -1 344 302 394 -1 217 391 265 -1
          308 247 259 -1 401 101 384 -1 217 245
          391 -1 393 280 410 -1 365 325 202 -1
          317 374 300 -1 272 410 371 -1 324 338
          343 -1 278 294 389 -1 360 252 369 -1
          290 278 315 -1 337 347 225 -1 317 348
          352 -1 279 304 363 -1 378 310 267 -1
          187 411 182 -1 301 268 123 -1 372 373
          256 -1 391 294 291 -1 341 331 397 -1
          291 265 391 -1 370 299 385 -1 398 408
          302 -1 275 289 276 -1 298 262 281 -1
          126 124 333 -1 227 250 239 -1 262 318
          281 -1 328 294 278 -1 330 314 345 -1
          318 350 281 -1 411 315 364 -1 311 256
          92 -1 350 266 281 -1 364 397 331 -1
          104 106 409 -1 292 286 253 -1 49 126
          339 -1 258 276 269 -1 278 290 296 -1
          362 298 281 -1 324 343 326 -1 289 288
          350 -1 377 112 267 -1 363 262 298 -1
          392 372 256 -1 259 377 376 -1 364 182
          411 -1 386 364 331 -1 341 147 331 -1
          361 228 357 -1 310 377 267 -1 253 263
          388 -1 391 396 294 -1 249 300 261 -1
          373 255 151 -1 264 279 363 -1 289 318
          297 -1 339 316 313 -1 323 348 359 -1
          309 410 272 -1 305 307 306 -1 286 350
          288 -1 280 393 381 -1 330 264 314 -1
          309 272 93 -1 274 288 275 -1 300 312
          261 -1 187 383 375 -1 296 372 392 -1
          278 364 315 -1 274 258 402 -1 364 278
          397 -1 295 261 277 -1 2 49 339 -1
          384 104 409 -1 323 359 335 -1 366 357
          328 -1 356 366 296 -1 292 281 266 -1
          272 378 267 -1 249 261 295 -1 308 259
          406 -1 293 280 381 -1 383 344 407 -1
          314 363 298 -1 389 358 397 -1 306 97
          401 -1 271 329 351 -1 345 314 298 -1
          345 298 362 -1 383 187 302 -1 408 336
          65 -1 345 362 281 -1 251 345 281 -1
          239 250 388 -1 388 250 253 -1 366 356
          273 -1 283 270 406 -1 279 316 304 -1
          324 110 322 -1 258 275 276 -1 251 250
          330 -1 250 282 330 -1 355 202 151 -1
          378 272 371 -1 271 269 382 -1 309 93
          336 -1 292 250 251 -1 251 330 345 -1
          263 286 402 -1 402 288 274 -1 329 360
          390 -1 299 399 321 -1 399 340 321 -1
          373 151 256 -1 361 299 321 -1 321 236
          361 -1 368 323 379 -1 342 352 343 -1
          320 335 333 -1 408 309 336 -1 249 363
          300 -1 366 328 278 -1 265 357 217 -1
          363 304 300 -1 316 367 304 -1 385 254
          370 -1 342 271 312 -1 269 276 382 -1
          377 259 112 -1 332 303 305 -1 311 284
          308 -1 265 291 357 -1 319 403 124 -1
          277 318 262 -1 247 284 92 -1 302 408
          65 -1 360 369 390 -1 330 282 387 -1
          222 246 387 -1 400 410 309 -1 399 299
          370 -1 280 310 378 -1 286 292 266 -1
          365 411 375 -1 410 400 195 -1 315 411
          365 -1 405 248 285 -1 282 250 395 -1
          282 395 387 -1 325 407 202 -1 308 273
          356 -1 313 334 387 -1 313 387 246 -1
          406 293 283 -1 316 279 334 -1 406 376
          293 -1 284 247 308 -1 285 170 353 -1
          291 294 328 -1 338 349 342 -1 402 390
          369 -1 364 386 182 -1 252 346 396 -1
          274 275 258 -1 225 216 337 -1 292 253
          250 -1 264 334 279 -1 211 225 347 -1
          211 347 257 -1 404 340 287 -1 372 290
          373 -1 305 303 307 -1 382 260 312 -1
          260 261 312 -1 288 289 275 -1 219 212
          313 -1 351 258 269 -1 230 404 216 -1
          390 258 351 -1 390 402 258 -1 280 371
          410 -1 187 375 411 -1 352 342 374 -1
          272 267 93 -1 400 309 408 -1 348 327
          352 -1 293 310 280 -1 405 354 360 -1
          405 360 248 -1 252 360 354 -1 252 354
          346 -1 302 65 102 -1 219 313 246 -1
          401 97 101 -1 339 313 212 -1 248 329
          271 -1 200 399 370 -1 342 268 271 -1
          381 283 293 -1 268 248 271 -1 268 349
          123 -1 374 312 300 -1 387 334 330 -1
          408 398 400 -1 299 361 385 -1 396 369
          252 -1 286 266 350 -1 195 400 398 -1
          323 368 348 -1 389 397 278 -1 388 396
          391 -1 293 376 310 -1 321 340 404 -1
          248 268 301 -1 361 236 228 -1 289 350
          318 -1 236 321 230 -1 321 404 230 -1
          374 317 352 -1 361 357 385 -1 285 248
          170 -1 391 242 388 -1 409 106 332 -1
          101 104 384 -1 405 285 354 -1 264 363
          314 -1 302 102 394 -1 356 296 392 -1
          341 185 147 -1 334 264 330 -1 270 254
          308 -1 327 348 368 -1 344 383 302 -1
          328 357 291 -1 385 366 273 -1 393 410
          195 -1 326 352 327 -1 294 346 389 -1
          284 311 92 -1 390 351 329 -1 147 386
          331 -1 286 288 402 -1 346 358 389 -1
          259 247 92 -1 296 290 372 -1 378 371
          280 -1 170 248 301 -1 342 312 374 -1
          278 296 366 -1 270 308 406 -1 356 311
          308 -1 358 341 397 -1 253 286 263 -1
          285 188 380 -1 285 353 188 -1 342 343
          338 -1 245 242 391 -1 128 338 322 -1
          322 338 324 -1 292 251 281 -1 360 329
          248 -1 235 395 227 -1 295 262 363 -1
          222 395 218 -1 348 317 367 -1 403 333
          124 -1 380 188 185 -1 403 320 333 -1
          261 260 277 -1 406 259 376 -1 380 341
          358 -1 295 277 262 -1 379 323 320 -1
          388 369 396 -1 407 344 394 -1 294 396
          346 -1 385 357 366 -1 326 343 352 -1
          277 297 318 -1 218 395 235 -1 110 128
          322 -1 255 355 151 -1 306 307 97 -1
          254 385 273 -1 270 283 209 -1 270 209
          254 -1 311 356 392 -1 256 311 392 -1
          268 342 349 -1 315 365 355 -1 355 365
          202 -1 290 255 373 -1 355 255 290 -1
          355 290 315 -1 325 375 383 -1 325 383
          407 -1 339 212 2 -1 211 257 224 -1
          239 388 242 -1 217 357 240 -1 228 240
          357 -1 335 359 126 -1 335 126 333 -1
          123 349 338 -1 123 338 128 -1 303 332
          106 -1 176 164 119 -1 116 119 118 -1
          116 110 119 -1 111 319 199 -1 320 403
          319 -1 324 327 110 -1 324 326 327 -1
          111 176 119 -1 319 111 119 -1 119 327
          319 -1 119 110 327 -1 320 319 327 -1
          379 327 368 -1 379 320 327 -1 70 283
          381 -1 70 209 283 -1 200 370 254 209
          -1 166 200 209 41 -1 74 287 340 -1
          43 214 257 -1 148 353 170 -1 148 188
          353 -1 88 302 187 -1 88 398 302 -1
          132 201 3 -1 132 74 201 -1 337 404
          287 -1 337 216 404 -1 107 155 126 -1
          107 163 155 -1 316 359 367 -1 316 126
          359 -1 140 154 177 -1 72 140 177 -1
          72 149 140 -1 346 380 358 -1 285 346
          354 -1 285 380 346 -1
          
                    30 13 24 -1 20 19 18 -1 19 12
          3 -1 19 20 21 -1 16 21 31 -1
          31 21 20 -1 31 20 6 -1 24 25
          8 -1 4 32 30 -1 5 25 22 -1
          213 1 2 -1 6 20 33 -1 3 17
          10 -1 29 30 32 -1 214 11 215 -1
          1 16 31 6 -1 1 213 16 -1 13
          26 14 -1 0 12 19 -1 0 19 21
          -1 24 15 27 -1 24 8 15 -1 8
          23 15 -1 8 28 23 -1 25 28 8
          -1 13 25 24 -1 30 27 4 -1 30
          24 27 -1 7 5 9 -1 7 25 5
          -1 18 19 3 -1 9 18 7 -1 7
          3 10 -1 7 18 3 -1 7 10 17
          -1 25 17 28 -1 25 7 17 -1 0
          21 11 -1 21 215 11 -1 18 9 20
          -1 20 9 33 -1 17 23 28 -1 14
          25 13 -1 14 22 25 -1 29 13 30
          -1 29 26 13 -1 16 215 21 -1 16
          213 215 -1 243 237 226 -1 233 231 232
          -1 232 216 225 -1 232 234 233 -1 229
          244 234 -1 244 233 234 -1 244 219 233
          -1 237 221 238 -1 217 243 245 -1 218
          235 238 -1 213 2 212 -1 219 246 233
          -1 216 223 230 -1 242 245 243 -1 214
          215 224 -1 212 219 244 229 -1 212 229
          213 -1 226 227 239 -1 211 232 225 -1
          211 234 232 -1 237 240 228 -1 237 228
          221 -1 221 228 236 -1 221 236 241 -1
          238 221 241 -1 226 237 238 -1 243 217
          240 -1 243 240 237 -1 220 222 218 -1
          220 218 238 -1 231 216 232 -1 222 220
          231 -1 220 223 216 -1 220 216 231 -1
          220 230 223 -1 238 241 230 -1 238 230
          220 -1 211 224 234 -1 234 224 215 -1
          231 233 222 -1 233 246 222 -1 230 241
          236 -1 227 226 238 -1 227 238 235 -1
          242 243 226 -1 242 226 239 -1 229 234
          215 -1 229 215 213 -1