0.0197875 0.0696855 0.0569489
            0.0197959 0.0951616 0.0473651
            3.41759e-06 0.0969254 0.0465081
            0.0264536 0.0571101 0.0564024
            0.0486983 0.0236016 0.0231629
            0.0506761 0.0594363 0.045521
            0.0305862 0.0890891 0.0486061
            0.0469601 0.0541897 0.0499812
            0.0415042 0.0286981 0.044191
            0.0459585 0.070162 0.0504772
            0.0307786 0.0496923 0.0565803
            0.0105395 0.0757648 0.0566783
            0.0240183 0.064582 0.0570494
            0.0589079 0.0403706 0.0269263
            0.0585939 0.0466827 0.0297501
            0.0394215 0.0223853 0.0398481
            0.0202775 0.0905197 0.0521392
            0.0290566 0.0387433 0.0529021
            0.0415468 0.0695896 0.0541502
            0.027337 0.0685627 0.0582765
            0.0363492 0.0802314 0.0535213
            0.018178 0.0799566 0.056996
            0.0551296 0.0526182 0.039104
            0.0331476 0.026957 0.0473387
            0.0470415 0.0287596 0.0377749
            0.0509815 0.0478483 0.0438924
            0.0599747 0.0398539 0.0212638
            0.0451966 0.0214463 0.0314215
            0.0350372 0.0309456 0.0500851
            0.0554092 0.0313503 0.0192754
            0.0516677 0.0280418 0.0290683
            0.0272456 0.0891336 0.0518122
            0.05145 0.0263121 0.0197603
            0.0375759 0.0846426 0.0502312
            0.0356044 -0.0409913 0.0303285
            0.0370483 0.088192 -0.0480333
            0.0717122 0.13329 0.00155778
            0.0706764 0.0715237 0.0198064
            0.0732603 0.0714123 0.0145959
            0.0483795 0.0406276 -0.029608
            0.0722191 0.0668416 -0.00227055
            0.0143782 -0.0322137 0.0448442
            0.0429677 -0.0359592 -0.0118669
            0.00530944 0.0691681 0.0558583
            0.0727238 0.0913194 -0.0323167
            0.0318396 -0.045216 0.0319578
            0.0740858 0.12302 -0.0243479
            0.0725792 0.130937 -0.0129517
            0.0691662 0.131281 0.00171142
            -2.49146e-06 0.105407 0.0389712
            0.0714048 0.0690647 -0.0123819
            0.0720414 0.110348 0.0311209
            0.0433784 0.0115766 0.0120798
            0.0691879 0.0720977 -0.0109877
            0.029764 0.0970586 -0.0434076
            0.0681472 0.105734 -0.032938
            0.0117933 -0.0383884 0.0478703
            0.0507104 0.100211 -0.0314467
            0.00961814 -0.093279 0.0152194
            0.0321988 -0.0271318 0.0324399
            0.076742 0.0798054 -0.0264884
            0.0842006 0.092908 -0.0317167
            0.0826469 0.111645 -0.0306821
            0.084673 0.130754 -0.0105803
            0.037278 -0.0255147 -0.00917569
            3.72701e-05 -0.0840285 -0.00789743
            0.0715804 0.119329 0.026724
            0.00827079 -0.086551 0.0316153
            0.0692417 0.0722145 0.0144858
            0.0674122 0.0796351 0.0291441
            0.00638615 -0.046918 0.0483972
            0.0401532 -0.0360928 0.0271979
            0.0270869 0.0727705 -0.0508205
            0.0825263 0.0679891 -0.00706477
            0.00541804 0.043596 0.0563058
            0.0917252 0.0787078 -0.0211531
            0.096083 0.0977564 -0.0278068
            0.0398585 -0.0248776 -0.0160492
            0.0411596 -0.000358224 0.0098543
            0.0758373 0.0679085 0.0056322
            0.00743064 -0.0713352 0.0412326
            0.0420926 0.00850669 -0.0150103
            0.0777578 0.132502 0.00126049
            0.0446342 -0.0246095 0.000801606
            0.0926314 0.118777 -0.0224989
            0.069034 0.113165 0.0272728
            0.0104844 -0.00407739 0.0355719
            0.0568473 0.128981 -0.000578667
            0.00520602 -0.0821729 -0.0113765
            0.0596251 0.12494 0.0162294
            0.0265143 -0.046175 -0.00172102
            0.0166474 -0.0560034 -0.00855981
            1.32393e-06 -0.0380441 0.0246989
            -3.82367e-06 -0.0916643 0.0153416
            0.0331213 -0.0327063 0.034463
            0.00601096 -0.0939601 0.0124663
            0.0174936 -0.0795186 0.0295335
            0.000295741 -0.039711 -0.00380496
            0.0426305 -0.0324412 0.0241817
            0.058844 0.124378 -0.0180014
            0.0349178 0.101559 0.0387382
            0.00013791 -0.0414814 0.00391417
            -3.8216e-06 -0.0791009 -0.0119909
            0.0721935 0.111297 0.0278574
            0.000237692 -0.0386863 0.0110661
            0.0353801 -0.0255611 -0.0237515
            5.30815e-05 -0.0307002 0.0132398
            0.0436262 0.109398 0.0223463
            0.0390281 0.116972 0.000380731
            0.0691824 0.118067 -0.0246442
            1.23919e-06 0.121464 -0.0207329
            0.00878297 0.12215 0.0177366
            -3.45599e-06 -0.0488463 0.0334039
            0.0151052 0.0130095 0.047553
            0.0060724 0.121483 -0.0200395
            0.0125505 0.11683 0.0159346
            0.00983196 0.121509 -0.0184244
            0.0177805 -0.0563253 -0.0242991
            0.0149786 0.121569 -0.0150016
            0.0189532 0.121844 -0.00144853
            0.039204 -0.0170102 0.00778623
            0.050889 0.0846769 -0.041907
            0.0721884 0.0916487 0.0324316
            -7.69865e-07 0.108061 -0.0282369
            3.28051e-05 0.115683 0.0202169
            0.0306675 -0.0183383 -0.0327901
            1.37842e-05 0.112252 0.0268479
            0.0260204 -0.0467257 0.00857367
            9.44506e-06 0.113258 -0.0213936
            0.00363096 0.115851 0.0199353
            0.0540224 0.101511 0.0309336
            0.0089586 0.116165 0.0181333
            0.0128396 0.0510117 0.0560775
            0.0112044 0.115243 -0.0178871
            0.0215302 0.106214 0.0364739
            0.033691 -0.00549878 -0.0405355
            0.0342845 0.11145 -0.0206306
            0.0173244 0.116343 -0.0142636
            0.0103114 -0.07289 -0.0163209
            0.0721935 0.0904718 0.0289622
            0.0382216 0.0392567 -0.0341363
            0.0127837 0.0616126 0.0561868
            0.0172467 0.117912 0.0111812
            0.0192239 0.109035 -0.0261204
            0.0691647 0.0894066 -0.0292728
            0.060509 0.0971492 -0.0325864
            0.0212917 0.118877 -0.00143568
            4.41371e-06 -0.0152464 -0.0390928
            0.0118828 0.0691045 -0.052249
            0.0374748 0.0644528 -0.0458396
            0.0364973 -0.0411062 -0.016883
            5.12074e-06 -0.0362042 -0.00891204
            0.0402353 -0.0256104 0.0219975
            0.0335026 0.000562385 0.0237718
            0.0371914 0.00656089 -0.0393247
            0.0177102 0.115937 0.0174553
            0.0507581 0.0673923 -0.0392254
            0.0223394 -0.00482067 0.031439
            0.0691935 0.0929379 0.0291705
            0.0734296 0.129185 0.0157038
            0.0195334 -0.0265135 -0.0267278
            0.0229091 -0.0500777 -0.0248122
            0.0358014 -0.0265284 0.0135073
            0.0407634 0.114372 0.0131429
            0.0154681 0.122056 0.0124633
            0.0616736 0.0517347 -0.021634
            0.00786048 -0.0333101 0.0416445
            0.0137705 -0.0904587 0.0229119
            0.0476527 -0.0287091 0.00151968
            0.0461824 -0.0319758 -0.00804983
            3.00249e-06 0.0853635 -0.0525129
            0.039948 0.115497 -0.0114369
            0.00844461 -0.0517856 -0.0344795
            0.0237596 -0.0579697 0.0349236
            0.023709 -0.0566794 0.0333367
            0.0150113 -0.0869466 0.0243434
            0.0121835 0.122099 0.0156847
            0.0338092 0.0124285 -0.0459009
            0.0702768 0.116094 -0.0292322
            0.00838826 -0.0609118 -0.0291172
            0.0123984 -0.0603934 0.00884592
            0.0233019 -0.0295083 0.0337618
            -3.56866e-06 -0.0251817 -0.0445196
            0.0600768 0.0897342 0.0340641
            0.0653572 0.0446964 -0.00153483
            0.000230987 0.00210905 -0.0476475
            0.0378017 0.0021881 -0.0228696
            3.12582e-06 -0.0565515 -0.0343667
            4.55936e-06 0.027736 -0.0524655
            0.0636048 0.0828689 -0.0319719
            0.0463202 0.0137404 0.000800871
            0.0463391 -0.0285958 0.0158787
            0.0581501 0.0672121 0.0397575
            0.0485343 0.0264221 -0.0184991
            0.0364943 -0.019526 -0.0268308
            -1.19794e-06 -0.0964034 0.0136929
            0.00455837 -0.0953194 0.00980436
            0.0115792 -0.0611951 9.47228e-05
            0.0701857 0.0733322 -0.0207777
            0.00454517 0.122179 0.0192499
            -3.19607e-07 -0.0340082 0.0424071
            0.0157152 0.0329054 0.0556261
            9.18391e-06 -0.0498218 -0.0248055
            0.0372291 0.07916 -0.0487072
            0.0150384 -0.0518675 0.0438083
            0.0140569 -0.0653824 -0.020521
            0.00342457 -0.0889825 -0.00303381
            0.0195145 -0.0532582 0.0141355
            0.00598709 -0.0946858 0.0220673
            1.758e-05 -0.0359735 0.0492353
            0.0109635 -0.0254297 -0.0426336
            -0.0197952 0.0696855 0.0569489
            -0.0198035 0.0951616 0.0473651
            1.40216e-05 0.0969356 0.0500105
            -3.81825e-06 0.0770306 0.0564267
            -3.81813e-06 0.0828905 0.0580234
            -0.0264613 0.0571101 0.0564024
            -0.0487059 0.0236016 0.0231629
            -0.0506838 0.0594363 0.045521
            -0.0305939 0.0890891 0.0486061
            -0.0469678 0.0541897 0.0499812
            -0.0415119 0.0286981 0.044191
            -0.0459661 0.070162 0.0504772
            -0.0307863 0.0496923 0.0565803
            -0.0105471 0.0757648 0.0566783
            -0.024026 0.064582 0.0570494
            -0.0589155 0.0403706 0.0269263
            -0.0586016 0.0466827 0.0297501
            -0.0394292 0.0223853 0.0398481
            -0.0202852 0.0905197 0.0521392
            -0.0290642 0.0387433 0.0529021
            -0.0415544 0.0695896 0.0541502
            -0.0273447 0.0685627 0.0582765
            -0.0363568 0.0802314 0.0535213
            -0.0181856 0.0799566 0.056996
            -0.0551372 0.0526182 0.039104
            -0.0331553 0.026957 0.0473387
            -0.0470492 0.0287596 0.0377749
            -0.0509892 0.0478483 0.0438924
            -0.0599824 0.0398539 0.0212638
            -0.0452042 0.0214463 0.0314215
            -0.0350449 0.0309456 0.0500851
            -0.0554168 0.0313503 0.0192754
            -0.0516754 0.0280418 0.0290683
            -0.0272532 0.0891336 0.0518122
            -0.0514576 0.0263121 0.0197603
            -0.0375835 0.0846426 0.0502312
            -0.035612 -0.0409913 0.0303285
            -0.0370559 0.088192 -0.0480333
            -0.0717198 0.13329 0.00155778
            -0.0706841 0.0715237 0.0198064
            -0.073268 0.0714123 0.0145959
            -0.0483871 0.0406276 -0.029608
            -0.0722267 0.0668416 -0.00227055
            -0.0143859 -0.0322137 0.0448442
            -0.0429754 -0.0359592 -0.0118669
            1.05796e-05 -0.0328066 0.0140292
            -0.00531708 0.0691681 0.0558583
            -0.0727314 0.0913194 -0.0323167
            -0.0318473 -0.045216 0.0319578
            -0.0740935 0.12302 -0.0243479
            -0.0725869 0.130937 -0.0129517
            -0.0691738 0.131281 0.00171142
            -0.0714125 0.0690647 -0.0123819
            -0.0720491 0.110348 0.0311209
            -0.043386 0.0115766 0.0120798
            -0.0691956 0.0720977 -0.0109877
            -3.20241e-06 -0.0843854 0.0268117
            -0.0297716 0.0970586 -0.0434076
            -0.0681548 0.105734 -0.032938
            -0.011801 -0.0383884 0.0478703
            -0.050718 0.100211 -0.0314467
            -0.00962578 -0.093279 0.0152194
            -0.0322064 -0.0271318 0.0324399
            -0.0767497 0.0798054 -0.0264884
            -0.0842082 0.092908 -0.0317167
            -0.0826545 0.111645 -0.0306821
            -0.0846807 0.130754 -0.0105803
            -0.0372856 -0.0255147 -0.00917569
            -0.0715881 0.119329 0.026724
            -0.00827843 -0.086551 0.0316153
            -0.0692493 0.0722145 0.0144858
            -0.0674198 0.0796351 0.0291441
            -0.00639379 -0.046918 0.0483972
            -0.0401608 -0.0360928 0.0271979
            -0.0270946 0.0727705 -0.0508205
            -0.0825339 0.0679891 -0.00706477
            -0.00542569 0.043596 0.0563058
            -0.0917328 0.0787078 -0.0211531
            -0.0960906 0.0977564 -0.0278068
            -0.0398661 -0.0248776 -0.0160492
            -0.0411673 -0.000358224 0.0098543
            -0.0758449 0.0679085 0.0056322
            -0.00743829 -0.0713352 0.0412326
            -0.0421003 0.00850669 -0.0150103
            -0.0777655 0.132502 0.00126049
            -0.0446418 -0.0246095 0.000801606
            -0.0926391 0.118777 -0.0224989
            -0.0690417 0.113165 0.0272728
            -0.010492 -0.00407739 0.0355719
            -0.056855 0.128981 -0.000578667
            2.31889e-06 0.094622 -0.0483731
            -0.00521367 -0.0821729 -0.0113765
            6.09804e-05 -0.0257671 0.00398405
            -0.0596327 0.12494 0.0162294
            -0.0265219 -0.046175 -0.00172102
            -0.016655 -0.0560034 -0.00855981
            0.0002274 -0.0300008 -0.00270957
            -0.033129 -0.0327063 0.034463
            -0.00601861 -0.0939601 0.0124663
            -0.0175012 -0.0795186 0.0295335
            -0.0426381 -0.0324412 0.0241817
            -0.0588517 0.124378 -0.0180014
            -0.0349254 0.101559 0.0387382
            -0.0722011 0.111297 0.0278574
            -0.0353877 -0.0255611 -0.0237515
            -0.0436338 0.109398 0.0223463
            -0.0390358 0.116972 0.000380731
            -0.06919 0.118067 -0.0246442
            -3.82103e-06 0.122183 0.0195187
            -0.00879061 0.12215 0.0177366
            -0.0151129 0.0130095 0.047553
            -0.00608005 0.121483 -0.0200395
            -0.0125582 0.11683 0.0159346
            -0.0098396 0.121509 -0.0184244
            -0.0177881 -0.0563253 -0.0242991
            -0.0149863 0.121569 -0.0150016
            -0.0189608 0.121844 -0.00144853
            -0.0392117 -0.0170102 0.00778623
            -0.0508966 0.0846769 -0.041907
            -0.072196 0.0916487 0.0324316
            -0.0306751 -0.0183383 -0.0327901
            -0.026028 -0.0467257 0.00857367
            -0.00363861 0.115851 0.0199353
            -0.05403 0.101511 0.0309336
            -0.00896625 0.116165 0.0181333
            1.68115e-06 -0.0923655 0.00784329
            -0.0128473 0.0510117 0.0560775
            -0.0112121 0.115243 -0.0178871
            -0.0215379 0.106214 0.0364739
            -1.89445e-06 0.024952 0.0550831
            -0.0336987 -0.00549878 -0.0405355
            -0.0342922 0.11145 -0.0206306
            -0.017332 0.116343 -0.0142636
            -0.0103191 -0.07289 -0.0163209
            -0.0722011 0.0904718 0.0289622
            -0.0382292 0.0392567 -0.0341363
            -0.0127913 0.0616126 0.0561868
            -0.0172543 0.117912 0.0111812
            -0.0192316 0.109035 -0.0261204
            -0.0691724 0.0894066 -0.0292728
            -0.0605167 0.0971492 -0.0325864
            -0.0212993 0.118877 -0.00143568
            -0.0118904 0.0691045 -0.052249
            -0.0374824 0.0644528 -0.0458396
            -0.0365049 -0.0411062 -0.016883
            -0.0402429 -0.0256104 0.0219975
            -0.0335102 0.000562385 0.0237718
            -0.037199 0.00656089 -0.0393247
            -0.0177178 0.115937 0.0174553
            -0.0507657 0.0673923 -0.0392254
            -0.0223471 -0.00482067 0.031439
            -0.0692011 0.0929379 0.0291705
            -0.0734372 0.129185 0.0157038
            -0.019541 -0.0265135 -0.0267278
            -0.0229168 -0.0500777 -0.0248122
            -0.0358091 -0.0265284 0.0135073
            -0.040771 0.114372 0.0131429
            -0.0154757 0.122056 0.0124633
            -0.0616813 0.0517347 -0.021634
            -0.00786813 -0.0333101 0.0416445
            -0.0137782 -0.0904587 0.0229119
            -0.0476603 -0.0287091 0.00151968
            -0.0461901 -0.0319758 -0.00804983
            -0.0399557 0.115497 -0.0114369
            -0.00845226 -0.0517856 -0.0344795
            -0.0237673 -0.0579697 0.0349236
            -0.0237167 -0.0566794 0.0333367
            -0.015019 -0.0869466 0.0243434
            -0.0121911 0.122099 0.0156847
            -0.0338168 0.0124285 -0.0459009
            1.1666e-06 -0.0658554 0.0453902
            -0.0702845 0.116094 -0.0292322
            -0.0083959 -0.0609118 -0.0291172
            -0.012406 -0.0603934 0.00884592
            -0.0233095 -0.0295083 0.0337618
            6.78832e-06 -0.0276303 -0.0283484
            -0.0600845 0.0897342 0.0340641
            -0.0653648 0.0446964 -0.00153483
            -0.0378093 0.0021881 -0.0228696
            -0.0636124 0.0828689 -0.0319719
            -0.0463278 0.0137404 0.000800871
            -0.0463467 -0.0285958 0.0158787
            9.376e-06 -0.0931899 0.0272845
            -2.87862e-06 -0.0662747 -0.0191983
            -0.0581577 0.0672121 0.0397575
            -0.048542 0.0264221 -0.0184991
            -0.036502 -0.019526 -0.0268308
            6.11769e-06 -0.0906477 -0.00339372
            2.95279e-06 -0.00446665 0.0368584
            -0.00456602 -0.0953194 0.00980436
            -0.0115868 -0.0611951 9.47228e-05
            -0.0701934 0.0733322 -0.0207777
            -0.00455282 0.122179 0.0192499
            -0.0157228 0.0329054 0.0556261
            -0.0372367 0.07916 -0.0487072
            -0.0150461 -0.0518675 0.0438083
            -0.0140645 -0.0653824 -0.020521
            -0.00343222 -0.0889825 -0.00303381
            -0.0195221 -0.0532582 0.0141355
            -0.00599474 -0.0946858 0.0220673
            -0.0109711 -0.0254297 -0.0426336
            -3.82302e-06 0.0563471 0.0561071